0,23 10
0,26 4
1,13 0
1,23 22
2,7 24
3,10 9
4,1 10
4,6 29
4,18 9
4,21 0
5,24 14
6,8 23
6,9 9
6,26 21
7,0 5
7,3 21
7,9 27
7,13 6
7,19 0
7,26 28
8,1 1
8,3 13
8,7 5
8,24 29
9,0 14
9,4 7
9,13 17
9,24 27
10,20 14
10,21 8
11,0 5
11,2 11
11,25 12
12,22 7
13,20 1
13,21 -7
13,25 11
13,26 8
14,2 12
14,3 14
14,13 22
14,15 19
14,18 22
14,19 -1
15,0 2
15,8 26
15,11 7
15,16 12
15,25 9
16,1 18
16,20 21
17,5 18
17,10 5
17,22 4
18,3 22
18,15 20
18,23 4
18,26 14
20,17 -8
21,6 9
21,23 21
22,7 11
22,19 10
22,23 16
23,6 20
23,7 11
23,11 -4
23,18 2
23,20 29
23,24 17
23,25 -1
24,12 2
24,19 25
25,9 29
25,10 17
25,19 10
25,21 -6
25,22 14
26,3 23
26,4 21
26,25 29
