0,36 22
0,44 21
0,48 5
0,53 21
0,63 24
0,65 5
1,26 22
2,6 6
2,9 23
2,23 9
2,43 6
2,63 10
3,41 9
3,45 2
3,70 19
3,74 5
4,3 13
4,11 20
4,20 6
4,78 20
5,22 15
5,48 0
5,77 10
6,35 28
7,6 16
8,10 10
8,13 26
8,50 4
8,55 6
8,78 21
9,2 1
9,26 2
9,31 7
9,48 0
9,56 15
9,58 0
9,67 20
9,76 10
10,41 20
10,42 20
10,47 3
10,55 22
11,43 21
11,78 5
12,20 12
12,58 21
12,66 -9
12,76 18
13,36 18
13,40 28
13,48 8
13,70 2
13,74 28
14,72 4
14,75 28
15,1 28
15,6 23
15,53 19
15,56 5
15,67 17
15,77 21
16,14 5
16,28 5
16,45 10
16,61 23
16,72 25
17,22 26
17,35 -1
17,41 16
17,47 8
18,3 13
18,12 15
18,14 6
18,28 19
18,70 15
18,74 22
18,76 8
19,8 9
19,28 24
19,30 19
19,55 27
19,62 21
20,31 21
20,35 17
20,58 26
20,63 29
21,11 19
21,25 18
21,26 29
21,46 2
21,50 15
22,66 5
23,5 0
23,15 15
23,47 5
23,53 26
24,42 27
24,44 29
24,60 24
24,69 10
24,70 15
25,3 29
25,17 10
25,45 0
25,72 27
25,77 19
26,0 5
26,21 7
26,57 24
26,61 10
27,47 11
27,57 2
28,11 29
28,29 5
28,34 19
28,36 27
28,50 19
28,78 5
29,4 1
29,18 12
29,47 22
29,60 12
30,13 6
30,15 8
30,23 18
30,45 24
30,47 6
30,48 27
30,54 2
30,60 1
31,4 20
31,30 26
31,33 22
31,36 28
32,2 16
32,43 22
32,53 16
32,71 10
32,78 19
33,74 1
34,51 1
34,58 24
34,62 18
35,45 16
35,51 7
35,80 23
36,14 3
36,21 25
36,26 9
36,31 10
36,42 13
36,55 0
36,59 14
36,60 18
37,17 6
37,51 10
38,0 20
38,4 8
38,12 29
38,16 15
38,23 3
38,27 5
38,64 6
39,6 20
39,13 18
39,28 21
39,30 13
40,3 3
40,37 11
40,51 3
40,58 23
40,68 22
40,75 21
40,80 10
41,12 22
41,52 22
41,76 23
41,78 0
42,11 22
42,12 23
42,44 16
42,79 26
43,2 16
43,18 18
43,60 5
44,7 1
44,31 17
45,29 12
46,4 23
46,12 13
47,5 27
47,31 8
47,36 16
47,48 7
47,54 -1
48,11 29
48,14 18
48,27 24
48,61 25
49,37 14
49,51 11
49,67 19
50,12 2
50,14 3
50,16 17
50,26 9
50,62 7
50,66 4
50,75 3
51,13 13
51,32 15
51,35 22
51,61 13
51,67 22
51,72 14
52,11 13
52,53 16
52,55 1
52,60 8
53,20 12
53,32 19
53,49 16
53,52 23
53,59 8
53,78 3
54,22 2
54,36 4
54,57 15
55,1 6
55,35 20
55,37 5
55,76 28
56,12 28
57,0 17
57,7 26
57,8 16
57,13 16
57,18 17
57,27 1
57,47 18
58,6 29
58,38 0
58,39 18
58,40 15
58,46 1
58,50 19
59,8 6
59,10 1
59,12 28
59,38 10
59,61 3
59,76 7
59,79 3
60,8 0
60,17 13
60,59 25
60,76 14
61,66 8
62,43 24
62,53 20
62,58 8
64,0 11
64,10 1
64,17 2
64,39 16
64,62 19
64,77 0
64,80 11
65,11 13
65,21 4
65,29 21
65,55 10
65,63 20
65,70 22
65,75 9
66,22 18
66,40 12
66,78 15
67,43 28
68,8 21
68,59 15
69,6 25
69,24 23
69,33 27
69,37 22
69,40 10
69,68 0
70,11 29
70,63 21
70,68 5
71,11 0
71,19 16
71,36 10
72,4 14
72,8 7
72,56 23
72,75 10
73,4 3
73,13 25
73,35 3
73,55 22
73,71 14
74,3 9
74,5 9
74,6 3
74,77 12
75,21 28
75,26 27
75,49 7
75,74 2
76,8 6
76,50 8
77,20 24
77,42 1
77,79 21
78,53 1
78,68 28
79,45 9
79,63 9
79,71 28
80,0 13
80,2 24
80,34 13
80,60 17
