0,49 19
0,77 17
0,191 12
0,375 17
0,485 29
0,519 16
1,212 2
1,225 28
1,400 0
2,35 4
2,261 8
2,518 24
3,10 10
3,59 5
3,71 14
3,166 5
3,381 13
3,395 29
3,597 11
4,252 28
4,316 17
4,405 28
4,425 4
4,511 2
4,522 29
4,616 25
4,658 25
5,4 14
5,61 18
5,80 0
5,244 11
5,657 10
6,66 29
6,67 4
6,83 18
6,99 19
6,128 16
6,159 7
6,161 10
6,171 26
6,299 29
6,463 14
6,727 3
7,80 4
7,174 8
7,341 16
7,617 16
8,233 12
8,347 3
8,410 10
8,431 19
8,443 1
9,161 1
9,318 8
9,419 11
9,488 -2
9,521 23
9,662 21
10,42 16
10,174 1
10,186 18
10,389 3
10,425 27
10,569 19
11,212 27
11,220 21
11,366 16
11,490 26
12,103 17
12,392 15
12,412 23
12,523 16
12,529 15
12,583 0
12,676 16
12,714 9
13,186 20
13,301 24
13,425 11
13,548 0
13,674 1
14,49 8
14,64 15
14,88 5
14,204 20
14,360 2
14,519 20
15,190 4
15,460 19
15,526 0
15,568 27
16,145 0
16,322 6
16,660 2
16,702 1
17,10 7
17,87 22
17,204 13
17,266 25
17,283 27
17,330 23
17,337 22
17,592 9
17,621 1
17,681 23
17,682 15
17,695 15
17,698 29
18,183 15
18,190 9
18,420 29
18,422 8
18,645 9
18,661 16
19,28 21
19,110 26
19,243 17
19,262 21
19,298 11
19,325 4
19,429 6
19,528 20
19,629 6
19,658 14
19,682 13
20,62 19
20,114 2
20,220 15
20,352 6
20,406 10
20,554 29
20,666 25
20,687 23
21,4 18
21,115 26
21,255 3
21,338 23
21,362 29
21,610 15
22,11 26
22,88 5
22,156 17
22,196 29
22,251 1
22,357 6
22,478 11
22,549 17
23,129 7
23,162 14
23,276 28
23,325 1
23,449 4
23,453 4
23,463 15
23,689 5
24,148 8
24,171 10
24,270 28
24,374 22
24,579 8
24,603 23
25,59 13
25,200 11
25,227 0
25,590 17
26,40 13
26,95 12
26,202 11
26,673 22
27,286 6
27,501 26
27,681 18
27,715 18
28,51 2
28,88 9
28,146 -7
28,272 10
28,298 18
28,447 7
28,481 8
28,484 3
28,560 17
29,37 4
29,70 2
29,94 13
29,138 21
29,221 7
29,274 27
29,310 4
29,638 6
29,709 29
30,152 6
30,314 25
30,443 27
31,21 10
31,27 19
31,54 29
31,188 4
31,546 9
32,103 23
32,112 18
32,143 1
32,300 24
32,463 25
32,673 21
33,78 14
33,164 1
33,187 25
33,286 20
33,343 23
33,394 4
34,62 19
34,405 12
34,452 5
34,586 23
34,588 0
35,17 15
35,408 23
35,480 2
35,484 24
35,588 10
36,241 5
36,319 18
36,352 11
36,556 20
36,563 9
36,568 10
36,690 19
37,34 10
37,149 16
37,295 16
37,416 7
37,482 27
37,668 27
38,104 26
38,130 3
38,178 2
38,203 17
38,228 12
38,257 18
38,265 23
38,496 25
38,612 26
39,21 9
39,268 12
39,274 27
39,572 7
39,718 1
40,169 5
40,196 25
40,481 16
40,542 18
40,587 25
40,632 21
40,643 0
41,380 6
41,444 11
41,510 13
41,707 5
42,121 15
42,401 16
42,448 7
42,588 26
42,615 12
42,629 8
42,684 10
43,29 26
43,353 27
43,412 1
43,451 0
43,468 21
43,562 0
43,614 22
43,624 3
43,692 2
44,91 3
44,141 27
44,246 21
44,427 17
44,442 9
44,688 24
45,182 21
45,314 22
45,316 7
45,473 26
45,657 20
46,52 26
46,171 8
46,271 7
46,552 12
46,569 3
46,664 14
46,677 24
47,103 21
47,141 12
47,147 18
47,293 23
47,327 4
47,540 19
47,596 26
47,623 3
47,635 4
47,652 19
48,38 21
48,63 19
48,139 11
48,372 11
48,537 8
48,575 1
49,110 23
49,454 11
49,683 1
50,43 28
50,148 18
50,304 26
50,518 22
51,47 11
51,152 16
51,298 20
51,414 11
51,466 1
51,497 21
51,695 15
52,101 7
52,152 10
52,413 6
52,498 21
52,649 12
52,669 9
53,19 18
53,152 6
53,476 15
53,492 7
53,694 26
54,1 7
54,29 10
54,92 28
54,99 14
54,199 14
54,270 5
55,119 10
55,136 13
56,121 9
56,395 9
56,544 14
56,574 26
57,63 28
57,149 8
57,189 11
57,192 2
57,216 22
57,425 9
57,472 5
57,502 0
57,568 7
58,49 7
58,76 23
58,413 26
58,658 13
58,692 24
59,7 15
59,80 6
59,717 27
60,218 8
60,432 26
60,571 3
60,592 6
61,2 17
61,174 29
61,182 26
61,331 25
61,508 24
62,214 28
62,263 25
62,315 21
62,650 27
62,718 26
63,117 5
63,154 2
63,392 29
63,420 8
63,477 21
63,563 29
63,663 -1
63,667 28
64,224 23
64,459 27
64,602 21
65,244 12
65,471 6
65,681 13
65,696 6
67,268 12
67,380 12
67,383 16
67,620 4
68,65 18
68,286 -2
68,364 9
68,371 16
68,634 5
68,705 4
69,8 9
69,61 -8
69,358 20
69,521 16
69,667 5
69,691 25
70,0 13
70,4 3
70,60 14
70,618 25
70,704 17
70,710 20
71,242 21
71,327 16
71,378 17
71,544 22
72,45 1
72,93 29
72,105 5
72,217 22
72,233 16
72,343 27
72,362 2
72,388 27
72,499 25
73,210 11
73,253 1
73,280 20
73,579 15
73,584 20
73,661 7
74,86 0
74,380 4
74,461 8
74,527 4
74,576 6
75,17 24
75,79 25
75,569 3
76,26 16
76,172 15
76,231 26
76,236 1
76,441 7
76,480 9
76,656 5
76,681 23
77,163 10
77,170 29
77,250 12
77,450 27
77,477 18
77,610 4
77,626 5
77,643 11
77,655 8
78,194 25
78,298 14
78,576 23
79,154 28
79,212 13
79,278 4
79,365 28
79,409 19
79,468 8
79,610 4
79,649 21
80,2 20
80,288 2
80,442 12
80,483 21
80,587 24
80,662 0
81,27 4
82,435 22
82,485 6
82,529 20
82,692 9
83,29 7
83,99 3
83,181 27
83,193 28
83,217 23
83,565 23
83,675 11
84,104 21
84,125 12
84,161 17
84,177 0
84,193 2
84,204 28
84,213 22
84,241 12
84,383 29
84,463 13
84,595 6
84,606 28
85,96 10
85,288 21
85,409 23
85,450 6
85,549 0
85,576 9
85,645 25
86,44 17
86,140 8
86,175 9
86,240 15
86,275 1
86,291 12
86,424 28
86,508 0
86,606 12
86,709 18
87,4 20
87,13 2
87,14 15
87,189 8
87,208 7
87,225 10
87,264 21
87,630 14
87,635 2
87,707 16
88,11 8
88,299 3
89,9 19
89,213 2
89,218 16
89,241 17
89,349 10
89,414 8
89,490 15
89,518 10
89,546 25
89,619 12
89,671 23
90,67 14
90,151 16
90,257 2
90,275 23
90,325 22
90,508 23
90,573 21
90,646 1
91,73 0
91,294 1
91,608 11
92,155 9
92,206 7
92,564 22
93,208 7
93,268 6
93,433 15
93,448 8
93,663 26
94,52 28
94,544 8
94,565 24
94,716 2
95,80 10
95,366 12
95,405 8
95,558 28
96,35 22
96,385 9
96,469 19
96,470 9
96,513 27
96,711 6
97,48 4
97,164 15
97,181 13
97,203 18
97,694 3
98,3 9
98,136 12
98,157 0
98,229 6
98,240 18
98,373 -6
98,525 11
99,121 10
99,138 8
99,360 16
99,532 7
99,603 4
99,646 23
100,34 25
100,65 8
100,104 7
100,116 9
100,126 27
100,351 18
100,503 6
100,545 7
100,640 2
101,120 15
101,336 17
101,692 28
102,89 7
102,148 8
102,321 10
102,351 27
102,608 10
103,145 23
103,343 18
103,460 14
103,492 16
103,499 28
103,525 7
103,620 6
103,641 9
104,5 28
104,25 13
104,112 19
104,133 10
104,398 25
104,449 19
104,498 25
105,94 21
105,185 12
105,217 2
105,249 27
105,342 25
105,361 11
105,443 3
105,559 20
105,621 4
106,44 22
106,255 2
106,354 22
106,381 27
106,455 28
106,473 19
106,646 9
106,664 2
107,503 2
107,660 8
107,701 17
108,19 14
108,89 10
108,268 7
108,281 21
108,379 29
108,405 29
108,519 25
108,581 17
109,52 13
109,236 10
109,413 1
109,530 14
109,556 13
109,584 15
109,679 27
110,12 4
110,98 8
110,222 24
110,224 20
110,232 16
110,721 24
111,42 14
111,45 12
111,71 26
111,332 10
111,490 16
111,541 20
111,625 19
111,654 11
111,704 19
112,153 20
112,188 26
112,191 28
112,349 17
112,357 7
112,611 13
112,618 16
112,665 7
113,27 22
113,331 13
113,447 14
113,551 15
113,711 16
114,3 28
114,141 18
114,218 23
114,243 8
114,280 8
114,344 17
114,345 11
114,452 6
115,582 17
115,719 3
115,721 12
116,54 23
116,233 16
116,318 6
116,341 21
116,359 27
116,408 29
116,551 3
116,574 8
117,41 13
117,273 7
117,492 6
117,524 28
117,597 19
117,604 22
117,700 25
118,30 14
118,40 22
118,205 10
118,265 1
118,546 5
118,547 13
119,13 23
119,78 18
119,104 7
119,136 6
119,313 10
119,370 20
119,371 8
119,485 24
119,504 17
119,544 12
120,109 14
120,214 18
120,216 25
120,226 26
120,291 4
120,552 20
120,553 5
120,619 6
120,666 21
120,695 21
121,61 28
121,203 6
121,288 12
121,289 1
121,335 5
121,580 20
121,610 18
121,634 28
122,243 6
122,300 29
122,594 19
123,134 0
123,203 22
123,212 15
123,343 27
123,380 21
123,389 28
123,443 26
123,654 19
124,316 11
124,423 17
124,707 19
125,44 6
125,281 28
125,283 5
125,575 23
125,697 21
126,47 4
126,235 10
126,360 -2
126,420 28
127,103 18
127,262 1
127,284 5
127,462 3
127,497 5
127,643 9
128,48 23
128,383 10
128,486 13
128,491 11
128,493 2
128,633 17
129,209 27
129,381 16
129,451 26
129,488 19
130,34 21
130,320 2
130,565 6
130,566 26
131,109 15
131,586 11
131,591 6
132,15 9
132,184 29
132,439 1
132,446 14
132,500 18
132,563 23
133,0 27
133,92 13
133,192 5
133,373 6
133,452 0
133,454 5
133,569 12
133,606 13
134,8 1
134,249 10
134,279 20
134,352 20
134,520 20
134,592 29
134,723 4
135,16 27
135,125 12
135,283 28
135,328 14
135,451 4
135,591 28
135,656 4
135,681 -4
136,156 3
136,168 25
136,178 12
136,257 19
136,307 22
136,318 28
136,554 4
137,2 27
137,94 28
137,123 9
137,392 0
137,426 -3
137,563 24
138,193 18
138,251 21
138,495 16
138,554 9
138,608 17
138,642 11
139,96 9
139,120 15
139,286 14
139,508 26
139,557 22
139,576 2
139,707 0
140,67 11
140,95 22
140,294 13
140,487 13
140,528 26
140,545 15
140,700 21
141,135 11
141,542 6
141,674 1
142,110 14
142,120 1
142,178 4
142,334 11
143,617 25
145,43 6
145,141 28
145,473 10
146,284 26
146,315 24
146,479 6
146,558 28
146,575 26
146,652 0
147,26 18
147,31 24
147,55 29
147,59 24
147,182 13
147,253 10
147,665 14
147,719 25
148,35 22
148,43 16
148,240 1
148,326 27
148,344 28
148,536 3
148,572 16
149,463 15
149,665 22
150,26 28
150,225 27
150,230 4
150,383 19
150,389 15
150,457 21
150,495 23
150,519 20
150,586 17
150,661 17
151,138 24
151,327 -4
151,359 13
151,418 23
151,452 7
151,501 13
151,608 23
151,698 21
152,8 22
152,62 4
152,131 20
152,201 4
152,328 4
152,384 24
152,634 23
152,649 1
153,91 11
153,363 7
154,143 21
154,172 21
154,192 11
155,5 9
155,114 17
155,138 9
155,156 29
155,482 15
155,609 19
155,727 2
156,52 15
156,257 15
156,311 19
156,377 14
156,491 23
156,717 23
157,3 7
157,93 24
157,379 25
157,400 8
157,432 25
158,1 25
158,15 15
158,68 5
158,153 19
158,333 24
159,379 20
159,432 29
159,435 23
159,670 8
159,705 26
160,18 1
160,40 14
160,130 21
160,207 1
160,365 9
160,378 11
160,427 10
160,487 17
160,709 13
161,43 24
161,306 29
161,462 24
161,488 4
161,553 21
161,632 17
162,79 26
162,231 28
162,525 2
162,547 9
162,569 19
163,81 1
163,447 17
163,527 8
163,563 26
163,625 26
163,640 7
163,650 27
163,703 1
164,23 28
164,32 15
164,76 18
164,180 6
164,369 18
164,497 4
164,556 10
164,560 6
164,589 10
165,59 7
165,66 7
165,68 22
165,264 10
165,268 6
166,46 17
166,72 3
166,210 13
166,604 11
167,270 4
167,293 25
167,383 23
167,418 1
167,479 2
167,692 20
167,698 4
168,73 20
168,130 4
168,309 22
168,344 18
168,408 27
168,716 4
169,154 4
169,188 10
169,624 24
170,106 23
170,167 27
170,373 1
170,399 23
170,583 5
171,19 21
171,43 6
171,158 8
171,384 4
171,537 0
171,586 3
171,709 2
172,57 24
172,223 9
172,406 27
173,49 0
173,244 23
173,328 8
173,473 20
173,701 16
174,31 11
174,504 17
174,560 2
174,563 8
175,11 21
175,59 4
175,455 15
175,567 24
175,574 4
176,283 -1
176,341 9
176,366 4
176,391 12
176,459 14
176,543 8
176,610 26
177,102 -4
177,106 26
177,160 20
178,60 17
178,120 13
178,162 24
178,171 12
178,219 23
178,250 24
178,485 23
178,527 5
179,83 23
179,149 16
179,211 6
179,313 24
179,363 24
179,397 25
179,593 19
180,100 15
180,203 6
180,475 21
180,509 18
180,528 27
180,712 25
181,0 11
181,100 14
181,308 18
181,335 23
181,362 26
182,139 8
182,230 -8
182,377 12
182,404 3
182,514 11
182,663 1
182,689 20
182,697 3
183,8 12
183,313 9
183,318 19
183,357 11
183,528 23
183,612 15
184,14 24
184,91 22
184,148 11
184,316 10
184,469 29
184,528 18
184,610 13
185,56 7
185,88 9
185,206 22
185,441 25
185,466 9
185,519 29
185,654 11
185,725 18
186,38 22
186,94 -3
186,156 6
186,290 23
186,314 13
186,459 7
186,579 16
187,14 15
187,49 4
187,618 8
187,688 22
188,34 23
188,323 -5
189,306 11
189,405 14
189,562 7
189,595 27
190,15 14
190,66 24
191,386 7
191,495 25
191,500 27
191,648 3
192,23 13
192,181 12
192,200 -3
192,234 13
192,559 10
193,35 22
193,231 24
193,522 11
193,660 0
194,84 24
194,334 11
194,454 0
194,557 11
194,686 8
195,88 8
195,427 3
195,443 1
195,481 5
195,586 2
195,623 24
195,624 18
196,21 12
196,215 5
196,336 4
196,482 27
196,516 3
196,553 19
196,557 25
196,595 0
197,240 25
197,308 25
197,675 8
198,121 5
198,498 20
198,670 25
199,10 28
199,117 -8
199,319 1
199,485 26
199,492 22
199,504 21
199,525 1
199,541 19
200,112 25
200,159 17
200,318 5
200,560 23
200,566 10
200,568 3
200,614 22
201,241 3
201,671 1
201,700 25
201,717 22
202,80 1
202,81 5
202,265 16
202,361 12
202,479 19
202,606 8
202,645 19
202,694 12
203,24 4
203,144 26
203,245 13
203,417 9
203,580 12
204,293 15
204,340 14
204,418 16
204,436 0
204,566 9
204,573 29
204,624 19
205,86 3
205,107 26
205,257 19
205,472 22
205,620 17
205,653 1
206,20 6
206,47 26
206,163 2
206,211 6
207,46 2
207,49 20
207,291 11
207,299 23
207,618 27
207,660 0
207,699 27
208,317 26
208,602 25
208,702 2
209,6 29
209,168 20
209,247 20
209,292 3
209,407 3
209,469 11
209,566 20
210,191 7
210,212 12
210,370 5
210,542 21
210,566 26
211,60 20
211,434 23
211,517 6
211,520 18
211,558 11
211,670 0
212,18 7
212,113 4
213,194 9
213,217 14
213,249 12
213,274 24
213,370 3
213,487 11
213,627 5
214,21 3
214,131 16
214,424 13
214,472 27
215,576 11
215,723 26
216,132 3
216,212 9
216,235 15
216,359 16
216,473 -1
216,526 12
217,86 26
217,204 28
217,272 6
217,281 26
217,283 28
217,339 17
217,370 29
217,371 25
217,451 2
217,569 15
218,66 1
218,188 15
218,468 20
218,712 25
219,153 26
219,205 12
219,324 3
219,375 4
219,433 20
219,462 13
219,581 -5
219,699 -6
220,69 25
220,149 -3
220,261 5
220,398 11
220,467 14
220,470 27
220,481 28
220,638 27
220,688 26
221,246 1
221,346 22
221,420 25
222,19 29
222,374 18
222,613 16
223,170 18
223,287 0
223,386 18
223,414 -1
223,647 20
224,48 21
224,170 6
224,237 6
224,257 25
224,581 18
224,681 11
224,725 19
225,138 26
225,163 19
225,186 -8
225,227 10
225,275 8
225,317 19
225,394 27
225,447 24
225,531 26
225,683 24
226,65 1
226,140 3
226,196 12
226,411 3
226,597 29
226,626 6
226,643 6
226,688 3
227,54 16
227,218 20
227,283 2
227,294 14
227,340 16
227,404 14
227,517 9
227,635 16
228,88 15
228,255 21
228,460 25
229,39 5
229,398 5
229,488 15
230,28 18
230,93 11
230,172 22
230,374 16
230,436 25
230,526 19
230,632 12
231,53 9
231,198 6
231,237 19
231,296 29
231,652 27
232,80 3
232,324 26
232,566 3
232,587 7
232,728 0
233,71 12
233,336 12
233,357 18
233,410 2
233,423 15
233,457 25
234,9 3
234,103 8
234,198 0
234,251 18
234,257 15
234,461 25
234,464 10
234,543 9
235,85 4
235,299 1
235,337 21
235,397 10
235,424 10
235,442 6
235,478 15
235,541 18
235,693 2
235,724 29
236,15 26
236,63 25
236,105 10
236,159 18
236,379 29
236,479 20
236,523 29
236,528 12
236,644 8
236,672 9
236,688 10
236,702 14
237,465 17
238,79 3
238,87 23
238,383 15
238,704 9
239,188 12
239,370 6
239,432 23
239,591 25
240,268 25
240,368 23
240,527 1
241,47 5
241,557 17
241,562 11
242,15 -9
242,327 21
242,356 2
242,455 15
242,591 9
242,619 4
242,679 12
243,199 29
243,233 12
243,252 16
243,261 27
243,344 7
243,479 25
243,536 23
243,691 9
244,117 24
244,185 11
244,297 1
244,466 26
244,717 26
245,187 21
245,285 23
245,290 12
245,364 5
245,373 17
245,549 24
245,632 2
246,81 9
246,115 29
246,227 24
246,253 28
246,307 23
246,417 14
247,213 -6
247,217 12
247,285 11
247,368 0
247,416 1
247,448 6
247,599 7
247,711 22
248,182 27
248,285 19
248,329 25
248,423 14
248,478 20
248,631 23
248,708 21
249,45 16
249,100 15
249,108 7
249,109 28
249,192 16
249,244 21
249,618 22
249,619 23
249,703 0
250,252 18
250,310 3
250,343 14
250,390 27
250,512 6
251,36 13
251,166 19
251,231 22
251,242 7
251,584 16
252,45 5
252,180 12
252,396 6
252,471 21
252,642 28
252,677 26
253,115 24
253,175 28
253,340 29
253,469 5
253,619 5
254,14 9
254,230 26
254,261 24
254,268 29
254,317 23
254,523 25
254,600 29
254,702 5
255,131 14
255,164 15
255,304 25
256,7 15
256,116 5
256,363 2
256,436 27
256,506 20
256,639 19
256,713 13
257,574 27
257,596 28
257,635 6
258,190 12
258,226 24
258,384 5
258,388 11
258,584 11
259,294 13
259,325 26
259,428 13
259,626 2
259,665 8
259,689 12
260,27 6
260,117 8
260,141 29
260,280 9
260,331 8
260,526 24
260,671 15
261,349 21
261,425 29
261,430 10
261,553 17
261,557 27
261,601 11
261,672 26
261,700 22
262,70 1
262,541 2
262,572 29
262,593 25
262,637 22
262,638 5
262,670 28
263,36 19
263,70 10
263,228 11
263,315 29
263,412 8
263,526 2
263,602 19
264,25 1
264,100 11
264,288 16
264,549 6
264,640 10
264,648 17
264,666 26
265,26 27
265,76 9
265,234 2
265,558 16
266,83 13
266,401 25
266,423 10
266,593 24
266,623 23
267,64 13
267,320 22
267,452 12
267,453 0
267,703 25
268,2 17
268,133 3
268,170 7
268,247 8
268,303 13
268,539 2
269,75 11
269,229 28
269,370 8
269,480 1
269,491 21
269,604 21
269,651 9
269,688 21
270,155 29
270,233 9
271,355 12
271,395 5
271,716 26
272,283 20
272,292 11
272,304 10
272,394 27
272,584 9
272,728 12
273,109 22
273,274 20
273,321 9
273,335 17
273,397 21
273,578 29
274,199 26
274,270 4
274,283 27
274,312 14
274,333 3
274,413 3
274,726 0
275,12 7
275,132 16
275,263 7
275,402 3
275,504 23
276,13 25
276,61 3
276,324 8
276,437 25
276,477 19
276,502 28
276,522 19
276,540 3
276,620 28
276,625 8
276,633 6
276,697 7
277,88 25
277,249 16
277,492 23
277,502 23
277,504 26
277,529 5
277,549 17
277,673 24
278,251 7
278,604 13
278,665 15
278,672 26
279,257 14
279,305 12
279,310 14
279,398 21
279,430 12
279,472 28
279,545 18
279,578 18
279,642 4
280,145 18
280,190 7
280,324 27
280,415 21
281,206 15
281,313 8
281,723 24
282,66 5
282,183 5
282,199 7
282,222 8
282,440 7
282,549 22
283,43 1
283,159 21
283,202 13
283,236 14
283,253 19
283,318 11
283,374 22
283,453 -2
283,531 3
283,575 7
283,675 7
283,712 5
284,17 3
284,231 20
284,317 18
284,726 29
285,58 26
285,211 18
285,248 12
285,249 4
285,303 3
285,422 18
285,456 22
285,522 3
285,574 4
285,611 21
285,670 28
285,706 0
286,32 22
286,92 5
286,250 29
286,283 8
286,339 17
286,440 14
286,623 18
287,333 20
287,481 7
287,496 25
287,524 4
287,629 16
288,13 10
288,37 12
288,111 9
288,166 12
288,293 26
288,420 26
289,109 1
289,142 16
289,162 18
289,171 25
289,206 5
289,217 11
289,272 21
289,643 14
289,650 18
289,698 12
289,728 9
290,17 27
290,122 25
290,213 15
290,238 26
290,286 16
290,484 17
290,543 28
290,602 2
291,13 19
291,77 13
291,84 14
291,140 6
291,197 25
291,258 24
291,286 7
292,68 6
292,199 8
292,311 5
292,461 22
292,564 7
293,82 11
293,221 20
293,290 6
293,368 25
293,637 14
293,674 25
294,381 10
294,411 16
294,643 14
294,719 15
295,145 6
295,155 27
295,200 21
295,652 23
296,97 11
296,221 17
296,334 6
296,571 16
296,619 10
297,188 26
297,234 3
297,289 2
297,308 16
297,414 14
297,422 7
297,455 26
297,513 7
298,13 -2
298,197 20
298,211 0
298,372 10
298,441 6
298,532 5
298,589 24
298,721 2
299,141 26
299,260 14
299,269 10
299,469 9
299,671 15
300,51 12
300,77 19
300,565 25
300,652 2
301,108 25
301,261 22
301,385 20
301,388 9
301,414 2
301,478 27
301,528 23
301,717 2
302,74 24
302,409 0
302,432 28
302,502 21
302,509 9
302,605 10
303,5 19
303,155 16
303,474 17
303,589 19
303,653 8
304,278 26
304,364 15
304,632 4
304,689 23
305,173 10
305,192 20
305,291 18
305,293 18
305,407 22
305,565 20
306,30 5
306,39 15
306,177 8
306,203 2
306,309 7
306,417 26
307,471 19
308,34 -3
308,225 29
308,291 4
308,471 21
308,649 11
308,672 13
309,62 17
309,117 17
309,122 21
309,359 6
309,595 11
309,598 16
309,654 23
310,182 28
310,355 0
310,629 12
310,681 24
311,220 14
311,232 27
311,242 8
311,346 9
311,367 25
311,661 7
312,59 28
312,85 27
312,198 26
312,574 5
312,683 21
313,1 17
313,237 6
313,462 12
313,487 16
313,517 26
313,611 7
313,624 19
313,658 14
313,718 14
314,182 7
314,529 2
314,683 13
315,8 14
315,218 4
315,388 22
315,461 9
315,563 7
315,703 19
316,49 27
316,214 18
316,227 13
316,299 8
316,616 19
316,700 3
317,123 0
317,193 1
317,345 13
317,507 12
317,517 14
317,535 27
317,560 14
318,111 16
318,281 1
318,312 15
318,342 29
318,475 21
318,546 19
319,29 16
319,274 -5
319,381 27
320,24 10
320,52 10
320,160 22
320,202 14
321,58 21
321,185 7
321,342 27
321,370 11
321,396 14
321,402 27
321,441 27
321,453 23
321,462 29
321,669 23
321,721 21
322,6 5
322,174 18
322,357 28
322,434 20
322,477 13
322,514 12
322,520 17
322,595 18
322,612 22
322,630 6
323,149 24
323,203 0
323,338 7
323,346 7
323,530 14
323,567 7
324,1 20
324,403 28
324,426 0
324,460 15
324,724 3
325,48 13
325,70 -8
325,393 29
325,603 14
325,659 -2
325,666 7
326,347 16
326,366 23
326,420 18
326,524 23
326,587 26
327,587 13
328,75 13
328,156 2
328,173 19
328,441 0
328,478 8
328,572 28
328,677 13
329,2 0
329,29 0
329,202 5
329,303 14
329,357 9
329,393 13
329,444 13
329,520 5
329,582 27
329,721 9
330,124 15
330,200 29
330,363 9
330,398 14
330,477 19
330,481 19
330,521 25
330,542 6
330,701 28
331,19 25
331,430 11
331,639 12
332,43 22
332,60 6
332,197 6
332,213 27
332,222 26
332,289 15
332,396 18
332,485 28
332,658 26
332,663 17
332,708 29
333,122 20
333,132 28
333,298 29
333,313 1
334,56 6
334,158 16
334,182 1
334,236 9
334,294 2
334,377 22
334,381 25
334,599 13
335,532 3
335,626 28
336,371 2
336,474 9
336,503 3
336,641 16
336,667 0
337,354 18
337,419 8
337,428 15
337,477 24
337,505 2
337,610 12
337,638 5
338,2 13
338,8 3
338,128 12
339,61 15
339,154 5
339,381 7
339,657 27
340,27 16
340,190 7
340,297 0
340,319 25
340,505 21
340,564 5
340,719 17
341,6 5
341,12 26
341,36 28
341,116 23
341,351 24
341,394 14
341,497 24
341,511 6
341,600 14
341,621 22
342,297 16
342,457 5
342,501 22
342,575 28
342,659 27
343,269 15
343,286 15
343,301 13
343,604 2
343,660 14
343,724 21
344,116 21
344,169 3
344,481 10
344,520 7
344,601 15
344,623 24
345,18 3
345,98 16
345,130 6
345,145 5
345,305 29
345,382 13
345,394 22
346,48 18
346,92 2
346,123 23
346,199 1
346,234 27
346,508 20
346,545 24
346,690 6
347,16 24
347,78 26
347,153 29
347,188 5
347,266 25
347,568 10
347,586 21
348,35 13
348,76 22
348,120 9
348,224 8
348,499 19
348,622 9
349,115 19
349,150 5
349,655 8
349,716 29
350,145 14
350,378 15
350,400 7
350,565 15
350,676 6
351,247 -9
351,368 20
351,508 16
351,641 1
352,27 11
352,50 18
352,51 11
352,151 5
352,184 27
352,540 10
352,576 26
352,624 21
352,676 28
353,267 -5
353,289 8
353,324 23
353,337 25
353,377 25
353,537 8
353,560 13
353,628 12
354,231 20
354,547 4
355,118 5
355,228 17
355,383 15
355,433 28
355,443 23
355,499 29
356,97 19
356,289 29
356,361 18
356,372 23
356,406 16
357,99 19
357,105 4
357,112 14
357,130 19
357,203 9
357,216 0
357,232 4
357,383 5
357,427 12
357,462 18
357,541 7
357,671 0
357,711 22
358,97 17
358,440 10
358,491 4
359,71 8
359,260 14
359,391 14
359,421 13
359,585 9
360,141 9
360,246 22
360,387 4
360,536 20
360,595 19
360,648 19
361,2 2
361,162 21
361,181 15
361,193 22
361,309 15
361,386 10
361,419 23
361,480 6
362,175 27
362,264 28
362,349 21
362,376 11
362,412 26
362,438 9
362,568 2
362,635 1
362,670 8
363,41 2
363,381 25
363,535 2
363,563 15
363,671 9
363,678 4
364,3 13
364,41 11
364,230 22
364,290 23
364,303 28
365,390 9
365,456 5
365,593 15
365,627 11
365,691 9
366,43 4
366,124 14
366,356 4
366,381 29
367,34 24
367,363 8
367,503 17
367,659 1
367,664 5
368,11 7
368,148 19
368,207 23
368,307 4
368,359 22
368,459 5
369,146 20
369,158 19
369,206 29
369,238 5
369,387 22
369,466 10
369,523 4
369,528 6
370,97 5
370,102 17
370,168 26
370,199 9
370,237 19
370,358 20
370,454 25
370,460 5
370,641 11
371,135 13
371,542 28
371,602 19
372,350 12
372,353 8
372,409 2
372,429 14
372,452 13
372,479 25
373,240 13
373,261 22
373,323 1
373,444 21
373,582 5
373,583 15
374,13 13
374,448 6
374,478 15
374,627 16
375,82 7
375,330 1
375,419 0
375,421 4
375,457 9
375,544 19
375,640 -8
376,17 15
376,54 1
376,140 19
376,186 26
376,375 0
376,533 14
376,563 1
377,39 16
377,111 7
377,131 26
377,357 17
377,549 7
377,658 25
377,714 9
378,8 5
378,101 18
378,429 3
378,469 0
378,652 19
378,685 14
379,86 28
379,311 4
379,407 2
379,458 11
379,504 27
379,567 25
379,605 21
379,710 25
380,137 17
380,152 17
380,325 17
380,405 27
380,456 3
380,474 18
380,710 23
381,104 24
381,226 21
381,304 24
381,379 28
381,444 12
382,285 26
382,410 23
382,488 2
383,11 20
383,174 5
383,257 14
383,366 5
383,474 6
383,529 2
383,561 1
383,709 23
384,117 10
384,235 1
384,267 22
384,280 22
384,408 4
384,486 0
384,537 17
384,598 12
384,704 26
385,378 19
385,403 6
385,420 18
385,454 27
385,478 8
385,515 9
385,723 25
386,143 10
386,174 28
386,193 28
386,215 18
386,239 11
386,437 2
386,515 22
387,21 22
387,85 0
387,91 29
387,356 28
387,531 0
387,539 1
388,16 7
388,61 23
388,111 28
388,310 23
388,444 24
388,476 2
388,687 28
389,72 5
389,301 5
389,392 13
389,401 4
389,583 10
389,654 3
390,181 23
390,248 22
390,382 7
390,412 1
390,438 0
390,464 5
390,625 23
391,145 10
391,250 24
391,251 6
391,315 1
391,421 16
391,555 8
391,569 7
392,273 25
392,368 2
392,609 3
392,650 18
393,13 20
393,53 18
393,195 0
393,327 5
393,409 7
393,526 11
393,667 8
394,48 0
394,155 1
394,306 8
394,317 24
394,468 15
395,5 18
395,48 15
395,50 25
395,125 19
395,167 22
395,216 3
395,363 18
395,389 1
395,447 29
396,189 24
396,273 9
396,350 5
396,404 13
396,407 5
396,585 19
396,680 4
397,81 1
397,132 12
397,231 9
397,371 23
397,416 12
397,454 20
397,595 23
397,629 16
398,40 29
398,58 14
398,206 20
398,303 12
398,585 15
398,588 9
398,638 4
398,649 26
399,38 17
399,64 19
399,242 19
399,404 28
399,533 10
399,581 22
399,597 27
399,612 1
400,31 28
400,33 22
400,36 2
400,329 0
400,348 26
400,411 24
400,442 13
400,443 23
400,450 7
400,575 9
400,645 2
400,655 28
401,112 26
401,142 4
401,174 10
401,208 19
401,225 29
401,335 6
401,356 6
401,377 3
401,517 26
401,691 1
402,223 22
402,650 7
403,63 28
403,67 2
403,78 27
403,239 7
403,326 25
403,459 13
403,614 27
403,635 18
404,55 28
404,97 2
404,161 8
404,171 15
404,316 17
404,359 7
404,453 23
404,682 3
405,21 1
405,554 19
405,590 25
406,435 10
406,479 16
406,569 22
407,46 10
407,412 13
407,551 23
407,682 5
408,362 17
408,492 0
409,37 29
409,254 1
409,326 4
409,419 1
409,421 4
409,452 20
409,644 24
410,252 25
410,344 27
410,523 15
410,562 25
410,576 5
411,68 18
411,343 25
411,512 29
411,548 20
411,660 2
411,677 26
411,716 26
412,3 21
412,136 17
412,199 25
412,377 6
412,496 7
412,612 29
413,29 20
413,290 7
413,360 2
413,375 28
413,424 15
413,520 28
413,632 12
414,26 17
414,67 6
414,202 24
414,334 23
414,339 16
414,340 15
414,359 15
414,409 24
414,488 4
414,494 6
414,633 12
414,678 28
415,204 21
415,268 6
415,391 18
415,573 20
416,244 19
416,505 24
416,549 27
417,321 9
417,687 24
418,143 18
418,176 11
418,200 8
418,436 27
418,510 25
418,706 28
418,728 17
419,307 27
419,323 18
419,697 19
419,698 2
420,115 29
420,220 26
420,351 12
420,412 20
420,558 16
420,586 19
420,648 9
420,702 1
421,208 23
421,263 9
421,481 8
422,13 18
422,14 14
422,95 18
422,226 0
422,243 5
422,363 0
422,372 20
423,63 11
423,79 15
423,99 24
423,188 22
423,476 23
423,675 11
423,723 16
424,206 5
424,307 9
424,365 26
424,489 20
424,675 28
425,56 12
425,358 8
425,685 21
426,162 5
426,198 25
426,643 12
426,710 4
427,267 18
427,368 19
427,386 28
427,480 11
427,516 15
427,580 22
428,0 19
428,78 22
428,288 12
428,310 10
428,360 13
429,0 21
429,12 1
429,276 23
429,316 22
429,624 5
429,660 10
430,223 21
430,262 6
430,429 22
430,728 27
431,413 16
431,577 6
432,115 20
432,126 11
432,146 18
432,305 12
432,549 9
432,623 17
433,169 0
433,196 29
433,286 8
433,430 11
433,461 7
433,523 17
434,1 5
434,54 0
434,57 26
434,426 1
434,549 18
434,579 26
434,656 28
435,67 1
435,111 28
435,285 4
435,297 21
435,373 23
435,379 6
435,427 19
435,543 0
435,548 22
435,549 26
435,580 26
435,728 4
436,76 10
436,81 5
436,190 7
436,683 23
437,100 10
437,193 7
437,234 4
437,294 23
437,349 13
437,380 26
437,469 23
437,477 14
437,524 1
438,98 29
438,239 2
438,280 14
439,9 12
439,21 13
439,238 7
439,343 4
439,581 22
439,634 17
439,666 23
439,695 7
439,697 13
439,704 6
440,163 25
440,685 6
441,30 10
441,96 19
441,253 7
441,285 18
441,390 14
441,419 14
441,463 23
441,526 19
441,585 2
442,8 3
442,50 23
442,116 10
442,398 7
442,429 12
442,479 3
442,646 5
443,16 1
443,96 16
443,192 26
443,542 20
443,629 18
443,632 12
444,92 0
444,221 14
444,349 14
444,551 5
444,592 13
444,610 2
444,672 0
444,717 17
445,84 25
445,364 21
445,382 19
445,417 1
445,429 16
445,500 11
445,535 8
445,634 5
445,715 15
446,315 13
446,336 21
446,510 7
446,558 18
446,569 3
447,282 23
447,501 5
447,550 24
447,596 5
448,33 -3
448,162 14
448,215 26
448,256 22
448,451 2
448,649 10
448,718 21
448,720 12
449,316 26
449,484 11
449,685 20
449,706 15
450,121 20
450,261 0
450,329 21
450,413 1
450,502 6
451,124 7
451,192 18
451,304 10
451,495 8
451,714 27
452,39 17
452,144 10
452,246 8
452,315 9
452,536 18
452,646 24
453,43 24
453,316 11
453,351 18
453,446 20
453,485 8
453,490 9
454,111 15
454,335 29
454,443 12
454,445 2
454,496 0
455,196 2
455,310 10
455,364 7
455,411 20
455,431 26
455,462 26
455,488 17
455,508 14
455,511 13
455,565 21
455,583 7
455,597 2
456,54 29
456,58 13
456,190 28
456,201 19
456,204 2
456,291 3
456,398 13
456,572 21
456,606 11
457,40 10
457,268 23
457,398 18
457,484 13
457,511 14
457,515 2
457,650 22
458,199 24
458,306 5
458,611 8
458,664 19
459,145 21
459,274 15
459,412 4
459,497 9
459,521 22
459,713 1
460,183 20
460,512 28
461,13 17
461,42 21
461,137 18
461,170 19
461,424 22
461,451 20
461,553 5
461,586 1
462,32 17
462,203 28
462,278 22
462,366 6
463,36 20
463,72 9
463,219 11
463,239 28
463,594 0
464,135 2
464,175 22
464,346 15
464,583 8
464,654 10
465,584 7
466,55 0
466,83 0
466,164 22
467,70 28
467,312 27
467,317 24
467,328 1
467,346 13
467,451 18
468,83 29
468,92 20
468,144 23
468,159 17
468,227 11
468,360 28
468,529 23
469,13 22
469,155 1
469,180 2
469,541 15
469,556 24
470,3 20
470,76 20
470,106 18
470,172 2
470,285 28
470,305 0
470,434 6
470,442 5
470,484 11
470,592 26
470,695 14
471,100 28
471,163 6
471,170 15
471,172 11
471,300 3
471,308 20
471,336 29
471,484 0
471,506 14
471,632 7
471,636 22
472,52 4
472,146 6
472,287 25
472,313 21
472,332 15
472,468 25
472,668 19
472,693 20
473,63 16
473,68 12
473,129 16
473,267 6
473,635 25
474,368 1
474,630 13
474,631 25
475,164 3
475,165 10
475,194 1
475,427 25
475,522 10
476,59 22
476,86 27
476,388 13
476,459 1
476,478 10
476,724 27
477,53 6
477,144 22
477,337 12
477,587 10
477,597 6
477,648 6
478,87 15
478,102 15
478,249 0
478,250 15
478,259 28
478,453 21
478,523 14
478,607 3
478,611 18
478,671 19
479,61 10
479,141 22
479,169 26
479,292 20
479,463 21
479,492 24
479,606 8
479,623 25
479,715 27
480,124 14
480,196 20
480,506 8
481,35 3
481,71 11
481,153 19
481,159 19
481,351 24
481,568 10
482,138 21
482,239 11
482,305 25
482,372 26
482,456 24
483,36 20
483,184 14
483,254 19
483,567 26
483,678 25
484,20 2
484,39 11
484,197 25
484,393 21
484,563 17
485,105 3
485,155 18
485,165 20
485,389 11
485,574 10
485,592 26
485,595 24
485,699 11
486,111 21
486,124 9
486,148 19
486,268 21
486,322 25
486,658 3
487,124 7
487,194 10
487,195 1
487,252 5
487,314 16
487,543 1
487,551 27
487,609 18
488,177 11
488,186 18
488,215 12
488,283 26
488,347 18
488,410 7
488,480 6
488,583 8
489,101 26
489,144 18
489,168 -3
489,321 25
489,397 12
489,463 21
489,728 27
490,377 17
490,551 22
490,593 25
491,219 7
491,638 24
492,11 12
492,95 27
492,353 14
492,472 28
492,542 5
492,587 24
493,222 15
493,364 0
493,580 25
493,597 17
493,656 23
493,668 21
493,712 6
494,102 22
494,205 20
494,241 19
494,261 23
494,341 21
494,602 3
495,90 1
495,157 23
495,207 9
495,247 3
496,27 20
496,339 12
496,480 25
496,617 29
496,681 24
496,692 6
497,6 13
497,107 10
497,129 19
497,335 13
497,471 26
497,537 14
497,613 23
497,725 14
498,66 7
498,662 22
498,704 18
498,716 28
499,72 9
499,145 17
499,196 29
499,306 4
499,609 10
500,4 5
500,81 14
500,285 22
501,446 10
501,451 27
501,487 13
501,498 20
501,641 17
502,106 25
502,172 22
502,327 28
502,374 24
502,473 19
502,479 25
502,578 19
502,585 9
503,3 0
503,176 10
503,296 17
503,412 27
503,592 23
504,37 8
504,98 9
504,235 3
504,412 3
504,424 24
504,450 0
504,524 16
504,636 5
505,166 24
505,210 19
505,214 21
505,252 8
505,421 26
505,550 10
506,101 17
506,240 16
506,466 5
506,520 7
506,523 18
506,578 20
507,78 19
507,181 2
507,342 21
507,458 15
507,632 26
507,645 27
508,15 28
508,91 24
508,316 14
508,353 23
509,177 26
509,212 24
509,231 17
509,353 21
509,527 -6
509,608 14
509,644 0
510,95 5
510,121 15
510,281 2
510,299 6
510,328 1
510,351 21
510,352 3
510,716 18
511,153 15
511,159 20
511,324 0
511,472 11
511,574 23
511,704 6
511,722 16
512,17 24
512,82 21
512,89 25
512,98 16
512,331 20
513,232 21
513,480 0
514,46 22
514,80 22
514,436 7
514,586 8
514,655 18
514,659 20
515,49 21
515,53 20
515,56 17
515,57 15
515,328 27
515,658 20
515,665 15
516,207 15
516,229 17
516,299 10
516,322 17
516,529 28
516,618 5
516,688 26
517,29 22
517,257 22
517,308 3
517,392 11
517,493 19
517,535 15
517,549 1
517,624 18
517,674 0
517,686 22
517,693 28
517,705 6
518,16 2
518,229 1
518,326 18
518,408 -2
518,444 23
518,693 20
519,141 6
519,189 27
519,190 6
519,263 29
519,433 27
519,505 2
519,613 4
520,179 9
520,237 15
520,315 29
520,381 17
520,417 20
520,502 11
520,587 19
520,669 10
521,20 10
521,280 26
521,368 5
521,449 4
521,470 3
522,466 21
522,563 19
522,606 13
522,626 18
522,728 1
523,131 5
523,228 9
523,376 4
523,446 3
523,507 17
523,522 12
523,570 26
523,717 27
523,722 9
524,47 26
524,207 4
524,497 0
524,601 13
525,29 0
525,94 29
525,129 15
525,132 6
525,216 0
525,338 0
525,540 20
525,613 6
525,625 10
526,5 6
526,164 24
526,175 2
526,399 24
526,567 9
526,585 1
526,616 9
526,660 24
526,705 14
527,9 17
527,74 5
527,108 9
527,131 23
527,208 12
527,482 20
527,532 13
527,720 13
528,60 11
528,216 17
528,234 3
528,562 2
529,19 2
529,27 25
529,30 23
529,88 29
529,171 19
529,183 1
529,365 11
529,477 17
529,685 23
530,149 8
530,169 21
530,384 1
531,68 29
531,166 4
531,294 3
531,681 7
531,707 14
532,13 27
532,114 20
532,197 5
532,269 25
532,311 23
532,337 7
533,52 14
533,577 28
533,702 25
533,722 16
534,203 10
534,204 3
534,291 19
534,326 1
534,362 15
534,482 27
534,509 8
534,721 19
535,39 13
535,120 25
535,248 16
535,442 29
535,500 26
536,72 9
536,74 6
536,214 15
536,334 17
536,456 20
536,639 3
536,709 11
537,150 -9
537,266 27
537,267 10
537,308 5
537,406 16
537,617 7
537,704 6
537,726 7
538,19 18
538,47 22
538,98 10
538,140 19
538,223 11
538,237 4
538,248 26
538,480 8
538,505 21
538,531 20
539,23 18
539,436 7
539,442 19
539,487 6
539,573 24
540,82 16
540,210 17
540,310 10
540,665 15
540,721 11
541,422 20
541,471 29
541,491 27
541,533 2
541,637 10
542,115 23
542,249 25
542,262 26
542,418 26
542,612 16
543,228 29
543,239 28
543,265 13
543,281 25
543,292 18
543,495 26
544,313 22
544,567 5
544,570 13
544,587 17
545,88 16
545,364 0
545,614 0
546,49 21
546,95 25
546,200 27
546,236 14
546,375 18
546,563 16
546,598 14
547,26 17
547,78 22
547,160 1
547,235 17
548,21 29
548,196 28
548,282 15
548,306 29
548,659 1
548,703 25
548,711 4
548,726 14
549,165 26
549,175 7
549,222 10
549,339 23
549,465 21
549,585 14
549,617 11
549,675 29
550,22 19
550,199 3
550,223 16
550,346 20
550,392 5
550,472 28
550,576 13
550,649 20
550,689 15
550,728 16
551,41 10
551,83 16
551,309 16
551,366 24
551,414 6
551,507 10
551,659 18
552,184 12
552,469 24
552,477 26
552,501 14
552,597 4
552,644 16
553,160 20
553,193 15
553,269 23
553,429 10
553,597 24
553,605 12
553,654 0
553,663 7
554,63 5
554,101 24
554,212 11
554,327 20
554,371 11
554,517 26
554,672 11
555,135 1
555,208 26
555,228 27
555,270 18
555,403 7
555,521 2
555,694 12
556,116 11
556,168 27
556,684 22
557,192 10
557,254 29
557,276 6
557,305 22
557,533 23
557,580 26
557,600 26
558,36 6
558,126 26
558,232 9
558,310 15
558,470 28
558,717 15
559,166 10
559,173 3
559,202 4
559,209 11
559,477 1
559,640 21
559,645 6
560,15 8
560,21 9
560,49 7
560,99 12
560,478 8
561,83 17
561,227 7
561,422 12
561,495 6
562,40 12
562,579 10
562,614 20
563,113 24
563,135 26
563,219 29
563,221 12
563,677 14
564,138 3
564,332 23
564,388 12
564,408 8
564,471 14
565,24 8
565,183 21
565,196 2
565,613 24
566,34 6
566,45 29
566,101 2
566,293 4
566,301 10
566,506 8
566,517 16
566,560 13
566,657 4
567,145 0
567,394 24
567,597 1
567,607 19
567,667 11
567,671 26
568,122 22
568,332 10
568,452 4
568,600 29
568,620 23
568,636 2
568,651 24
569,66 6
570,2 7
570,361 2
570,411 2
570,482 26
570,549 24
570,653 12
571,19 22
571,87 14
571,96 5
571,227 8
571,230 19
571,305 14
571,335 26
571,453 6
571,478 29
571,567 18
571,585 17
571,612 4
571,652 2
571,678 24
572,337 5
573,6 23
573,74 15
573,323 3
573,335 21
573,356 17
573,364 4
573,365 23
573,427 7
573,499 21
573,538 3
573,569 9
573,715 7
574,64 27
574,81 16
574,98 27
574,129 12
574,161 21
574,350 0
574,478 27
575,103 10
575,186 16
575,230 26
575,361 27
575,474 3
575,660 6
576,11 25
576,124 8
576,224 11
576,301 11
576,579 3
576,593 10
576,611 8
576,699 14
577,47 11
577,79 9
577,125 1
577,138 26
577,252 27
577,356 5
578,327 27
578,445 19
578,459 26
578,582 1
579,4 26
579,137 14
580,110 17
580,141 23
580,346 27
580,465 8
580,530 0
580,607 7
581,44 21
581,49 4
581,154 18
581,243 6
581,265 8
581,405 0
581,521 9
581,725 21
582,67 0
582,325 24
582,436 13
582,526 13
582,586 6
582,660 9
583,41 10
583,58 9
583,522 16
583,608 6
584,302 22
584,525 4
584,634 26
585,39 19
585,165 19
585,213 29
585,382 8
585,436 17
585,656 21
585,713 14
585,726 12
586,373 6
586,478 24
586,506 12
586,524 25
586,646 11
586,706 11
587,93 1
587,115 15
587,348 11
587,523 11
587,686 13
588,61 7
588,181 6
588,199 24
588,207 12
588,227 9
588,284 26
588,347 21
588,476 21
589,180 18
589,363 6
589,556 21
589,585 2
589,613 0
590,259 9
590,575 20
590,579 12
590,633 21
591,21 27
591,199 4
591,328 14
591,489 1
591,617 27
591,648 20
591,689 21
592,53 21
592,193 15
592,257 13
592,363 2
592,369 23
592,491 4
592,574 1
592,680 25
593,43 2
593,99 27
593,161 29
593,474 5
593,520 25
594,92 27
594,95 23
594,353 16
594,555 8
594,608 16
594,704 26
595,280 25
596,371 10
596,472 13
596,555 10
597,66 12
597,189 16
597,347 27
597,351 10
597,598 2
597,642 24
597,680 18
598,41 19
598,181 13
598,200 18
598,209 11
598,357 17
598,448 11
599,119 4
599,333 16
599,341 23
600,155 29
600,209 16
600,260 29
600,303 18
600,389 3
601,231 2
601,703 19
602,141 16
602,266 8
602,300 21
602,305 20
602,523 23
602,630 -2
603,1 16
603,105 2
603,135 13
603,145 16
603,182 24
603,184 7
603,234 9
603,251 11
603,649 17
604,188 11
604,560 17
605,57 5
605,60 18
605,115 4
605,165 13
605,295 16
605,298 9
605,493 13
605,586 11
605,696 22
606,330 0
606,510 16
606,704 0
607,244 0
607,423 25
607,434 28
607,525 17
607,606 17
607,644 22
608,310 14
608,402 20
608,500 13
608,559 9
608,669 21
608,707 28
609,61 0
609,91 6
609,111 17
609,162 29
609,221 23
609,635 11
610,69 2
610,210 -6
611,156 15
611,325 4
611,449 18
611,584 28
612,144 19
612,208 2
612,320 1
612,593 19
612,690 0
613,154 22
613,192 18
613,221 19
613,341 17
613,439 9
613,697 20
613,701 12
614,163 10
614,383 27
614,386 14
614,412 20
614,493 9
614,522 5
614,644 0
614,686 16
614,698 8
614,713 9
615,172 16
615,408 27
615,450 21
615,576 18
615,620 2
615,655 10
615,678 16
616,254 27
616,354 21
616,440 13
616,498 17
616,521 18
616,594 16
616,611 13
616,628 9
617,239 16
617,292 2
617,297 6
617,438 0
617,439 7
617,543 12
617,548 21
617,572 25
618,156 2
618,240 28
618,415 9
618,539 25
618,562 29
618,606 28
619,67 6
619,175 29
619,398 14
619,532 10
619,569 17
619,709 14
620,128 18
620,399 22
620,464 23
621,87 24
621,97 14
621,259 2
622,41 21
622,62 19
622,89 18
622,112 11
622,285 29
622,286 22
622,464 14
622,482 29
622,512 11
622,520 15
622,668 5
622,714 16
623,272 12
624,347 26
624,363 21
624,391 8
624,446 27
624,482 4
624,502 6
624,583 5
624,617 10
624,658 12
625,124 3
625,133 13
625,278 3
625,320 10
625,322 8
625,415 17
625,450 1
625,508 23
625,682 16
626,95 2
626,182 29
626,196 3
626,213 24
626,343 7
626,452 -1
626,502 8
626,668 24
627,28 19
627,108 5
627,315 28
627,320 5
627,387 11
627,511 3
627,542 28
627,612 3
627,652 6
628,74 23
628,117 21
628,187 27
628,192 9
628,229 20
628,263 25
628,301 22
628,302 12
628,337 25
629,52 19
629,185 14
629,217 13
629,450 3
629,569 19
629,680 24
630,33 19
630,151 9
630,269 14
630,304 19
630,332 0
630,368 10
630,375 18
630,444 1
630,511 4
630,577 14
631,76 1
631,216 16
631,249 18
631,369 25
631,372 22
631,398 9
632,82 -8
632,96 1
632,203 1
632,231 17
632,247 13
632,285 26
632,373 20
632,379 27
632,488 11
632,492 17
632,626 11
632,664 23
633,106 26
633,208 28
633,238 14
633,410 19
633,664 10
634,23 13
634,34 7
634,58 11
634,108 11
634,180 20
634,249 13
634,375 16
634,468 13
634,470 11
634,485 13
634,700 26
635,17 6
635,206 28
635,490 7
635,534 20
635,578 24
635,624 28
635,660 19
635,720 2
636,431 23
636,440 29
636,611 12
637,185 28
637,224 4
637,371 18
637,400 16
637,432 25
637,453 16
637,457 22
637,544 23
637,555 24
637,590 9
637,608 14
637,639 10
637,669 25
638,9 17
638,84 28
638,655 21
638,706 10
638,713 6
639,259 29
639,476 20
639,600 28
639,648 13
639,677 25
640,125 26
640,695 29
641,73 9
641,146 21
641,152 2
641,202 4
641,592 5
641,687 6
641,707 28
642,107 27
642,260 2
642,329 23
642,495 17
642,522 5
643,19 26
643,78 2
643,130 5
643,502 24
643,552 27
643,658 7
644,134 13
644,248 23
644,270 29
644,452 20
645,172 9
645,389 2
645,600 21
645,618 19
645,643 5
645,716 15
646,5 5
646,32 29
646,113 10
646,389 26
646,486 26
647,47 6
647,132 6
647,248 29
647,548 12
647,562 18
647,612 18
647,651 11
648,115 12
648,461 23
648,516 10
649,7 12
649,506 25
649,657 23
649,717 16
650,115 26
650,187 15
650,281 8
650,597 18
650,697 22
651,456 18
651,551 9
651,677 1
652,75 0
652,136 0
652,206 13
652,249 29
652,473 14
652,568 3
652,585 7
652,704 2
653,120 23
653,174 1
653,250 13
653,418 23
653,540 21
653,639 14
653,642 28
654,57 6
654,109 25
654,496 22
654,499 26
655,111 16
655,313 17
655,353 16
655,372 11
655,434 15
655,465 28
655,697 24
656,16 9
656,309 9
656,314 19
656,407 2
656,489 26
657,36 10
657,126 14
657,310 23
657,423 11
657,584 27
657,661 3
658,54 0
658,124 27
658,665 18
658,669 1
658,719 7
659,166 9
659,334 29
659,376 25
659,388 19
659,407 17
659,467 28
659,477 4
660,25 24
660,155 29
660,350 6
660,499 22
660,539 11
660,596 26
660,614 26
660,657 1
660,710 2
661,4 12
661,21 8
661,23 25
661,28 22
661,35 26
661,524 16
662,293 3
662,473 17
662,570 24
662,573 22
663,226 2
663,259 1
663,289 1
663,369 0
663,498 5
663,620 27
664,14 8
664,111 18
664,223 19
664,306 5
664,360 4
664,368 10
664,382 29
664,453 25
665,388 9
665,560 24
665,563 20
665,569 15
665,595 9
666,23 6
666,151 16
666,223 -3
666,540 9
666,560 12
666,613 16
666,663 28
667,356 9
667,472 25
667,650 25
667,697 15
668,74 4
668,105 7
668,228 6
668,280 20
668,548 22
668,574 7
668,630 9
669,62 15
669,77 28
669,213 12
669,462 29
669,484 22
669,502 14
669,555 26
669,607 6
669,632 18
669,685 6
670,199 22
670,299 9
670,450 17
670,546 0
670,609 8
670,723 11
671,198 4
671,244 20
671,429 0
671,698 11
672,255 27
672,284 15
672,414 4
672,600 12
673,4 0
673,44 10
673,60 8
673,290 19
673,353 19
673,665 13
674,33 1
674,193 3
674,304 12
674,310 24
674,343 4
674,595 6
675,96 16
675,103 4
675,238 5
675,250 14
675,480 16
675,493 29
675,497 0
675,517 23
675,589 21
675,681 25
676,179 10
676,186 18
676,469 22
676,654 18
676,678 11
677,19 1
677,153 7
677,485 13
677,503 17
677,573 18
678,136 27
678,338 2
678,404 9
678,583 26
679,57 4
679,514 10
679,534 10
679,649 18
680,93 11
680,95 27
680,417 19
680,710 26
681,99 20
681,108 29
681,126 29
681,193 27
681,225 4
681,286 16
681,393 9
681,490 10
681,584 22
681,714 5
682,15 12
682,259 25
682,632 8
682,658 17
682,665 5
683,122 10
683,243 20
683,349 8
683,431 17
683,596 25
684,122 12
684,139 25
684,213 10
684,487 16
684,702 25
685,3 22
685,149 10
685,290 6
686,590 5
686,591 1
686,603 3
687,440 1
687,612 8
687,646 7
688,16 17
688,105 28
688,177 27
688,196 15
688,377 16
688,415 14
688,417 4
688,453 22
688,667 13
689,63 28
689,241 0
689,361 0
689,468 4
690,6 11
690,44 14
690,509 15
690,543 14
690,686 26
691,19 18
691,68 10
691,334 0
691,362 12
691,373 13
691,430 15
691,449 20
691,514 5
692,38 20
692,44 12
692,46 8
692,59 28
692,393 5
692,461 11
692,569 6
693,122 24
693,177 0
693,279 1
693,339 22
693,394 14
693,703 3
694,220 24
694,258 23
694,481 8
694,524 22
694,627 6
695,104 11
695,118 13
695,122 22
695,123 26
695,403 15
695,473 8
695,604 10
696,298 21
696,303 24
696,353 7
696,468 9
696,593 25
696,601 11
696,627 7
696,711 4
697,340 7
697,405 18
697,538 1
697,693 1
697,694 27
698,6 21
698,93 17
698,135 23
698,210 0
698,333 11
698,347 15
698,399 4
698,558 27
699,289 8
699,335 9
699,544 9
699,563 10
699,627 9
699,678 0
699,728 17
700,168 3
700,296 4
700,454 27
700,609 5
700,659 23
700,671 24
701,3 27
701,20 6
701,60 23
701,81 18
701,118 23
701,227 21
701,255 22
701,290 13
701,398 14
701,647 1
701,682 1
702,63 15
702,74 -3
702,155 -3
702,366 2
702,380 16
702,541 19
702,681 25
703,40 23
703,104 28
703,222 13
703,244 13
703,271 15
703,304 3
703,490 21
704,83 19
704,160 7
704,228 21
704,389 20
704,448 8
704,565 29
705,18 21
705,310 23
705,501 9
705,514 15
705,609 1
705,610 27
706,260 25
706,376 25
706,417 8
706,615 10
706,643 3
706,699 22
707,134 9
707,195 13
707,473 24
707,479 4
707,501 25
707,513 18
707,646 18
707,649 26
707,663 29
707,675 12
707,709 27
708,74 8
708,263 5
708,347 8
708,384 22
708,400 24
709,72 8
709,128 1
709,189 3
709,234 23
709,368 16
709,691 7
709,721 29
710,8 17
710,90 29
710,185 2
710,263 15
710,566 20
710,581 13
710,644 23
711,2 10
711,86 20
711,110 11
711,115 12
711,256 19
711,264 21
711,364 0
712,14 12
712,15 0
712,20 0
712,38 15
712,114 3
712,143 19
712,267 1
712,417 5
712,421 8
712,536 19
712,629 18
712,696 2
713,138 14
713,261 28
713,438 20
713,506 21
713,596 13
713,687 1
714,86 21
714,190 16
714,350 20
714,370 17
714,469 3
714,699 19
715,11 21
715,237 28
715,367 11
715,652 0
716,19 7
716,43 16
716,54 2
716,188 -4
716,242 18
716,287 7
716,348 27
716,394 15
716,456 16
716,477 20
716,559 21
717,87 -2
717,230 20
718,76 25
718,725 8
719,93 -3
719,166 26
719,222 27
719,412 21
719,461 6
719,507 27
719,582 17
720,88 8
720,106 1
720,268 4
720,495 21
720,569 -1
720,683 10
720,684 11
720,686 8
721,137 4
721,148 14
721,287 1
721,690 2
722,1 11
722,39 20
722,112 21
722,713 16
723,311 19
723,387 1
723,485 28
724,68 15
724,236 6
724,253 2
724,642 3
724,682 21
724,701 10
724,723 9
725,216 7
725,402 22
725,544 29
725,583 27
725,590 1
725,689 20
726,70 28
726,268 14
726,418 23
726,456 27
726,543 29
727,94 2
727,167 10
727,169 19
727,199 29
727,213 10
727,218 23
727,331 20
727,434 10
727,532 12
727,569 17
728,427 26
