0,119 7
0,180 5
0,193 16
0,209 29
0,236 2
1,15 20
1,137 -4
1,149 29
1,183 5
1,208 16
2,15 6
2,76 2
2,101 2
2,106 23
2,113 14
3,20 4
3,96 11
4,48 7
4,109 18
4,123 12
4,129 6
4,132 6
4,145 26
4,148 12
4,158 13
4,214 13
5,36 8
5,228 18
6,23 28
6,36 17
6,95 11
6,135 21
6,141 0
6,166 21
6,184 26
7,0 24
7,12 25
7,23 18
7,40 3
7,51 12
7,73 18
7,110 18
7,132 29
7,133 19
7,201 4
7,211 27
7,231 2
8,26 0
8,66 0
8,68 22
8,155 0
9,7 17
9,70 26
9,72 3
9,172 4
9,196 23
10,3 21
10,66 25
10,88 17
10,178 13
11,7 1
11,129 6
11,184 7
11,234 9
12,82 11
12,85 13
12,88 4
12,142 9
13,102 0
13,110 4
13,116 2
13,118 7
14,217 0
15,2 0
15,21 16
15,32 26
15,87 28
15,124 22
15,179 23
15,198 9
15,236 25
16,63 29
16,88 4
16,156 6
16,185 24
17,7 5
17,25 24
17,49 13
17,90 6
17,141 2
17,172 22
17,191 7
18,2 28
18,82 9
18,108 13
18,162 9
18,171 11
19,0 7
19,26 20
19,44 13
19,64 23
19,117 29
19,121 12
19,133 17
19,149 21
19,158 9
19,159 12
19,193 1
19,215 22
19,221 22
19,230 10
19,241 24
20,40 12
20,64 22
20,73 16
20,180 12
20,197 12
20,213 20
20,222 2
21,48 28
21,130 14
21,151 22
21,176 2
21,202 26
22,135 16
22,220 2
23,106 4
23,116 7
23,120 21
23,125 14
23,219 26
23,242 5
24,35 22
24,45 10
24,50 -3
24,131 20
24,172 23
24,189 3
24,227 12
25,2 15
25,61 2
25,139 13
25,161 5
26,16 26
26,27 14
26,58 5
26,67 5
26,127 5
26,224 18
27,58 16
27,60 23
27,70 25
27,98 21
28,13 24
28,43 15
28,62 24
28,111 7
28,134 29
28,136 26
28,200 2
29,173 22
30,59 26
30,72 6
30,80 24
30,117 23
30,151 10
30,209 1
31,8 29
31,124 22
31,179 23
32,50 28
32,68 24
32,94 21
32,105 1
32,115 17
32,169 19
32,170 4
32,173 6
32,224 19
33,223 7
33,227 26
34,48 1
34,73 1
35,55 11
35,69 24
35,185 3
36,52 2
36,143 10
36,144 7
36,202 24
36,208 29
37,6 1
37,30 6
37,131 15
37,145 9
37,171 14
37,237 2
39,65 4
39,112 9
39,134 26
39,139 26
39,146 3
39,163 26
39,186 26
39,211 12
39,221 12
39,222 26
40,25 10
40,48 1
40,127 19
40,189 10
40,197 21
40,236 26
40,241 27
41,129 15
42,76 21
42,126 28
42,152 14
42,215 2
42,229 18
43,9 19
43,25 20
43,35 11
43,50 19
43,71 22
43,129 4
43,203 7
44,79 7
44,119 6
44,178 6
45,10 9
45,88 10
45,109 24
45,185 26
45,218 19
45,237 6
46,62 14
46,90 18
46,125 9
46,137 29
46,165 20
46,186 16
46,208 17
46,209 29
47,116 1
47,127 1
47,178 26
47,220 0
48,51 13
48,118 -7
48,129 10
48,153 2
49,51 4
49,141 3
49,161 3
50,74 20
50,75 0
50,95 7
50,112 18
50,137 29
50,191 15
50,226 13
50,240 7
51,222 18
52,27 9
52,28 4
52,33 20
52,41 27
52,114 14
52,115 27
52,116 27
52,148 0
52,197 27
52,225 6
52,233 29
53,18 24
53,188 21
53,219 7
54,46 19
54,137 28
54,179 28
54,180 4
54,184 29
55,23 28
55,37 8
55,107 4
56,4 14
56,17 26
56,52 4
56,55 25
56,65 13
56,172 7
57,50 16
57,71 19
57,72 3
57,149 2
57,219 12
57,231 19
57,238 18
58,144 1
58,193 23
58,242 19
59,20 14
59,33 21
59,75 28
59,99 15
59,130 7
59,140 18
59,177 1
59,189 0
59,198 12
60,108 17
60,112 20
60,211 1
60,232 6
61,42 4
61,130 29
61,136 29
61,215 17
61,240 21
62,79 15
62,109 16
62,152 23
62,180 18
62,216 27
63,58 3
63,111 7
63,123 2
63,150 23
63,163 18
64,48 5
64,55 28
64,128 5
64,192 5
65,24 29
65,116 28
65,195 19
65,225 0
65,228 27
66,70 17
66,107 0
66,210 21
66,212 15
67,18 4
67,34 11
67,93 26
67,129 25
67,148 12
67,175 22
67,192 27
67,200 17
67,224 7
68,10 12
68,12 26
68,51 16
68,69 -2
68,87 22
68,99 8
68,113 8
68,141 13
68,197 12
68,242 28
69,157 25
69,165 26
69,186 5
69,190 22
69,236 28
70,125 0
70,173 25
71,35 23
71,62 16
71,66 10
71,76 9
71,108 4
71,155 21
72,12 18
72,48 27
73,0 11
73,20 20
73,45 27
73,128 28
73,184 17
73,197 11
73,202 13
74,68 3
74,70 25
74,82 27
74,104 -9
74,127 0
74,180 26
74,194 26
75,1 3
75,127 2
75,197 8
76,175 4
76,192 4
76,231 0
77,31 8
77,84 5
77,217 3
78,108 18
78,162 14
78,222 24
79,92 16
79,141 15
79,152 4
79,155 28
80,3 18
80,84 7
80,119 28
80,142 27
80,161 22
80,170 2
80,172 20
81,3 16
81,7 7
81,66 17
81,73 8
81,117 15
81,122 21
81,134 3
81,156 6
84,3 17
84,6 16
84,75 27
84,105 18
84,137 17
84,163 21
85,60 18
85,232 3
86,96 9
86,119 25
86,226 3
86,229 8
87,7 15
87,44 13
87,57 12
87,232 19
88,49 16
88,51 25
88,58 12
88,139 1
88,200 10
88,224 13
89,5 2
89,81 23
89,104 22
89,241 9
90,139 15
90,152 22
90,179 20
90,211 0
91,122 17
91,199 22
91,234 7
91,235 22
93,61 25
93,117 13
93,127 16
94,18 13
94,25 14
94,81 26
94,97 22
94,226 2
95,147 13
95,232 2
96,0 5
96,16 22
96,20 21
96,105 17
96,129 27
96,151 6
96,164 9
96,173 1
96,224 16
97,127 7
97,145 0
97,224 4
98,13 22
98,27 20
98,51 0
98,64 3
98,85 10
98,96 0
98,108 27
98,141 6
98,157 5
98,200 22
99,37 9
99,48 8
99,76 29
99,135 17
100,20 8
100,147 12
100,170 27
100,183 20
100,204 20
100,220 0
101,77 1
101,89 24
101,131 -2
101,167 9
101,193 19
101,223 1
102,9 14
102,86 27
102,130 17
102,134 29
102,164 7
103,72 17
103,191 1
104,69 5
104,86 2
104,132 15
104,203 10
105,17 0
105,199 27
105,217 1
106,1 4
106,32 -4
106,111 7
106,168 12
106,190 12
106,209 10
107,0 5
107,5 13
107,30 6
107,40 26
107,89 19
107,174 23
107,191 9
107,209 0
107,217 6
107,219 9
107,225 9
108,142 15
108,223 9
109,4 12
109,26 20
109,143 22
109,144 17
109,148 0
110,0 13
110,16 12
110,29 10
110,45 20
110,63 7
110,87 23
111,9 28
111,58 11
111,80 15
111,82 23
111,124 9
112,70 26
112,208 7
113,0 27
113,4 24
113,242 23
114,17 9
114,68 16
114,99 24
114,133 5
115,118 13
116,16 29
116,48 25
116,52 11
116,93 24
116,120 13
117,3 3
117,49 19
117,62 26
117,104 4
117,123 15
117,124 25
117,140 28
117,141 5
117,193 17
118,25 23
118,28 20
118,66 26
118,68 5
118,217 26
118,237 3
119,25 11
119,54 26
119,98 10
119,125 15
119,167 17
119,169 20
119,194 12
119,198 21
119,208 15
120,0 18
120,9 24
120,46 5
120,48 13
120,92 20
120,118 22
120,139 27
120,214 0
121,32 18
121,118 2
121,167 29
122,30 27
122,49 9
122,91 21
122,148 8
122,229 28
123,3 23
123,19 4
123,37 28
124,8 22
124,79 23
124,131 26
124,204 27
124,211 24
124,213 18
124,224 28
125,1 24
125,155 9
125,159 27
125,167 20
125,187 28
125,195 25
125,234 13
126,19 17
126,54 20
126,133 4
126,198 29
126,234 8
127,33 18
127,85 7
127,88 18
127,123 26
127,128 21
128,60 18
128,64 27
128,68 7
128,99 20
128,107 16
128,127 18
129,30 4
129,154 28
129,161 19
129,170 1
129,206 3
129,238 2
130,3 28
130,160 23
131,50 29
131,79 8
131,108 18
131,125 23
131,146 9
131,164 5
131,165 22
132,104 29
132,125 13
132,139 9
133,54 22
133,55 7
134,170 21
134,216 13
135,35 5
135,85 -4
135,140 4
136,21 19
136,54 16
136,70 6
136,111 16
136,116 14
136,121 -3
136,124 16
136,214 25
136,219 27
137,20 4
137,27 7
137,44 11
137,55 29
137,105 15
137,107 17
137,181 1
138,44 -5
138,64 19
138,195 6
139,5 5
139,32 28
139,44 18
139,143 2
139,158 22
139,201 5
140,18 -2
140,64 23
140,90 0
140,112 29
140,163 20
140,187 29
140,221 28
141,2 29
141,14 19
141,35 25
141,115 26
141,127 17
141,174 16
142,95 20
142,113 13
142,218 12
142,241 27
143,53 8
143,76 28
143,130 5
143,227 17
144,12 12
144,135 8
144,149 15
144,158 10
144,162 7
144,166 29
144,214 12
144,228 16
145,51 11
145,56 28
145,60 16
145,91 21
145,122 21
145,147 25
145,175 23
145,211 8
146,34 25
146,77 11
147,33 -2
147,37 15
147,160 23
147,161 1
147,196 14
148,27 0
148,53 4
148,87 6
148,143 21
148,151 18
148,154 21
148,170 17
148,182 11
148,183 13
148,232 15
149,2 1
149,8 17
149,81 13
149,134 29
149,193 3
150,117 5
150,167 20
150,179 22
150,193 26
150,203 28
150,232 26
151,189 18
151,233 10
152,99 12
152,104 21
152,114 28
152,150 24
152,154 19
152,241 9
153,42 19
153,49 5
153,58 8
153,141 24
153,174 25
153,179 6
153,183 11
154,7 29
154,38 -7
154,71 17
154,125 8
154,147 14
154,183 14
155,73 16
155,180 19
155,186 15
156,74 18
156,107 1
156,203 19
156,225 5
156,229 18
157,59 -4
157,85 28
157,160 23
157,201 5
158,1 17
158,50 18
158,155 14
158,159 13
158,167 23
158,191 26
158,209 0
159,61 5
159,81 10
159,96 7
159,101 21
159,230 21
159,232 28
160,15 17
160,101 12
160,129 25
160,145 26
161,2 28
161,5 17
161,28 6
161,67 26
161,107 24
161,143 9
161,215 18
161,236 21
162,40 -2
162,52 11
162,95 19
162,171 28
163,38 29
163,75 25
163,99 6
163,187 16
163,201 4
164,156 10
164,198 24
165,17 7
165,23 26
165,29 16
165,35 17
165,145 20
165,180 9
165,197 18
165,226 22
166,19 21
166,20 24
166,65 4
166,126 25
166,233 -7
167,37 19
167,38 2
167,95 2
167,162 9
167,195 15
167,222 20
168,7 10
168,22 15
168,35 8
168,49 9
168,51 15
168,85 11
169,8 17
169,24 12
169,47 3
169,68 3
169,83 9
169,90 10
169,182 25
170,25 16
170,165 3
171,24 29
171,78 1
171,98 23
171,144 5
171,166 5
171,212 11
171,240 15
172,70 17
172,88 0
172,165 3
172,168 6
172,194 21
173,4 18
173,84 21
173,144 12
173,163 20
173,211 22
173,234 16
174,41 25
174,51 18
174,72 21
174,127 16
174,150 9
174,170 15
174,209 11
174,216 11
175,89 17
175,173 10
175,210 11
175,226 25
176,7 26
176,167 2
176,170 27
176,179 9
176,188 24
176,192 29
176,208 0
177,11 8
177,97 13
177,125 13
177,187 4
178,32 26
178,61 5
178,103 25
178,162 21
178,172 8
179,45 14
179,101 11
179,148 17
179,189 10
179,192 6
180,133 27
181,51 17
182,6 18
182,11 12
182,38 12
182,100 1
182,102 3
182,113 15
182,116 6
182,146 13
182,171 17
183,29 14
183,42 0
183,157 21
183,197 9
183,239 22
184,107 14
184,124 18
184,145 10
185,18 13
185,42 6
185,47 0
185,205 17
186,11 4
186,36 29
186,56 17
186,71 21
186,150 15
186,163 22
186,181 19
187,13 20
188,106 27
188,109 15
188,235 27
189,4 24
189,171 10
190,59 18
190,114 19
190,235 15
190,240 5
191,4 29
191,55 7
191,63 5
191,86 17
191,190 20
191,219 10
192,17 21
192,27 18
192,125 16
192,126 26
192,132 16
192,157 23
192,197 15
192,208 8
193,89 28
193,146 12
194,136 15
194,143 17
194,190 24
194,225 5
195,78 29
195,119 22
195,211 29
195,217 9
195,225 2
195,232 19
195,239 26
196,22 0
196,27 16
196,36 20
196,79 25
196,81 5
196,222 28
196,231 22
197,19 7
197,69 3
197,81 2
197,86 20
197,108 29
197,137 24
197,172 24
197,188 9
197,201 19
197,204 18
198,86 13
198,211 24
198,221 4
200,7 20
200,11 17
200,84 14
200,90 2
200,126 1
200,147 0
200,169 21
201,25 8
201,79 9
201,97 10
202,24 27
202,105 29
202,121 25
202,168 5
203,5 1
203,24 12
203,45 0
203,83 9
203,182 7
203,209 8
204,48 19
204,58 27
204,82 11
204,84 22
204,129 5
204,165 17
204,239 9
205,9 21
205,143 19
205,189 0
205,198 22
205,235 28
206,21 24
206,60 17
207,32 29
207,61 0
207,121 16
207,140 3
207,169 29
207,179 17
207,223 25
208,55 -1
208,93 10
208,149 13
209,64 4
210,41 0
210,62 7
210,112 20
210,160 3
211,5 23
211,17 9
211,74 12
211,87 0
211,91 21
211,132 20
211,177 24
211,199 2
211,221 22
212,5 22
212,42 18
212,45 28
212,101 21
212,161 23
212,171 29
212,188 28
213,6 19
213,28 29
213,35 2
213,39 10
213,41 13
213,140 26
213,175 17
213,206 12
214,13 8
214,23 27
214,47 17
214,186 25
215,21 0
215,152 19
215,200 -5
215,221 22
216,54 4
216,67 28
216,128 1
216,163 18
217,12 11
217,29 24
217,76 6
217,179 11
217,209 20
218,4 20
218,19 -3
218,104 2
218,200 24
218,208 3
218,236 22
219,20 16
219,89 6
219,210 0
219,234 2
220,53 19
220,75 1
220,147 23
221,106 2
221,226 25
222,9 14
222,61 9
222,72 24
222,97 19
222,138 13
222,159 1
222,188 10
222,211 3
222,241 9
223,118 23
223,160 0
223,188 5
224,14 29
224,142 8
224,177 6
224,185 23
224,231 3
225,38 21
225,130 4
225,212 10
226,34 27
226,76 2
226,135 12
226,172 19
227,4 1
227,47 20
227,50 15
227,86 9
227,111 25
227,120 12
227,148 20
227,188 10
228,2 20
228,25 25
228,56 23
228,65 19
228,75 5
228,128 27
228,172 8
228,196 6
229,31 15
229,166 0
229,209 26
229,218 20
229,220 8
229,227 16
230,84 23
230,93 17
230,120 5
230,128 21
230,130 24
230,139 4
231,19 12
231,52 22
231,146 22
232,12 24
232,85 9
232,101 27
232,128 21
232,196 28
232,230 27
233,62 15
233,105 20
233,133 0
234,102 26
234,189 18
234,217 7
235,62 17
235,102 25
235,118 0
235,143 22
235,152 10
236,2 5
236,7 29
236,68 25
236,183 2
236,229 23
237,9 3
237,25 24
237,26 10
237,207 22
237,212 6
237,223 7
238,5 24
238,85 6
238,147 11
238,198 28
238,204 25
239,81 25
239,93 2
239,132 20
239,161 16
240,32 24
240,100 16
240,118 15
240,121 20
240,124 0
240,161 15
240,236 25
241,22 4
241,35 5
241,38 23
241,106 6
241,127 8
241,130 10
241,144 8
241,173 17
241,205 7
242,37 26
242,89 6
242,134 12
242,234 8
242,235 14
